313549
0.10845888726068781
0.07796236935642205
0.2830355658859292
0.09833957716030094
0.011633692291717372
0.0312213654367408
0.21425477177993738
0.05344222774196361
0.01849590049375545
0.07773226246235154
0.24235412522195818
0.35778493408476036
0.2713618359679868
0.049625008736877675
0.013391851122820937
0.11902876754684903
0.12165919405670596
0.028960007511003073
0.09769247185591086
0.11418764168688648
0.012082275832916134
0.09632478282973934
0.03781297518998539
0.06970491006716407
0.012665323570965949
0.01730071805378956
0.058496731071301857
0.08085153886127622
0.04937098733717213
0.02802544875717808
0.1694136537867094
0.024243997461912362
0.10225599419136078
0.03852238516385701
0.1879869196423474
0.0689475426962491
0.028203361317789232
0.033802021498164025
0.027100384486272795
0.07104885993604755
0.08484640418331567
0.08326512843897853
0.09396282604877217
0.061098183024753304
0.004572255960781953
0.037350162211195914
0.0020399701679687976
0.0019282904180348084
0.04205395489007399
0.045850927284011744
0.11165150698774007
0.006079644294147687
0.018741124053388198
0.019008260967132654
0.007834136645145979
0.04641442029566297
0.009338002637263719
0.26197621794710146
0.040830679858565394
0.01613738040337454
0.18929626312167339
0.08208509825300335
0.01761820179957598
0.02032027305994811
0.012278947506787328
0.034283645274130754
0.05190738864335792
0.1395687449628984
0.0037598524497771146
0.08577091192193238
0.07340665723733031
0.013875874863974716
0.009767609047665727
0.04408250263450367
0.0750464821079474
0.05969912821688306
0.09869969882198033
0.007955274062602475
0.06535665437934839
0.018690085420091148
0.06442807037950025
0.015600386715282931
0.03193749879059441
0.029421037118038913
0.20059013168601267
0.07525870548390153
0.019239436167771507
0.28534851498738106
0.042253947149099004
0.030894000210134803
0.2842319217757338
0.03065715019520802
0.13346718497325458
0.014970841891816272
0.0240607994868563
0.035299715715878706
0.0798301145781757
0.02984252897692588
0.035387302601760734
0.07801802070219936
0.0339444904883238
0.005594210836587312
0.00870877688291057
0.04330861263100505
0.09737679979586494
0.09841445610060721
0.015585000412485206
0.14930717333214713
0.4796727639045928
0.022169580637782692
0.26298006962047954
0.10492181182780096
0.02579183013398915
0.07072244495487488
0.0049632486280026715
0.05795241569748697
0.12486043324770452
0.03804998750278269
0.0392390804354305
0.04763225092844403
0.04707720047683858
0.1423692041243732
0.15606453779783383
0.033982203970037615
0.05931302855212136
0.16348901878597974
0.0263183219093375
0.04532567743247053
0.14953783139199353
0.05005612904599838
0.09443257614079924
0.18822915612327795
0.05840486391825245
0.012846958503719974
0.03657397543400168
0.4565568846518692
0.014568219402619549
0.22969244223808952
0.0526936246618786
0.21003011657538498
0.039066703695505786
0.06884959296665778
0.012793921108947476
0.04019772775823216
0.036586927314840846
0.03203654565148701
0.04661218556007803
0.0628695891838457
0.2652914090866905
0.26448359075300754
0.007628247862372183
0.03809208823289764
0.009959841816350899
0.09796607008274483
0.02543944064182289
0.045611135600827246
0.012266727920113407
0.5881210386928641
0.07747140868289061
0.05963143866888183
0.033578557459745535
0.008452774461195927
0.04793488404484938
0.11040972948874976
0.10594808530098516
0.05321789407180836
0.09398145825280556
0.03666810631847312
0.16414692932313804
0.003357035567766873
0.009514669042541286
0.0015263862676660814
0.07809402239969707
0.1774913118690992
0.021308215360550192
0.020686364666022198
0.04414391240476446
0.04355614416457793
0.008477674121666076
0.1250699226573964
0.02204024223996109
0.02845218868900295
0.02513540961038239
0.03680380058331082
0.04136637134715902
0.010059498044017392
0.017319159993129378
0.03350136318394348
0.022600845785373205
0.04720782531296711
0.203886887305145
0.17990508355989657
0.025620570686726324
0.7065433359510133
0.10951146392414061
0.0528071130173981
0.019732390158027923
0.0315561442672491
0.0044090172218074035
0.05520898977330831
0.026214506535246245
0.04695598729832317
0.22523402315998484
0.022887191429237896
0.007668291801912092
0.008740644527283568
0.11731340224975519
0.7562220663215612
0.1630222522725072
0.0191102717635124
0.0594098736113734
0.1284101782343395
0.019086308455663736
0.03565107382950703
0.021483153743950312
0.04636127458920521
0.294458934665598
0.09305438460435872
0.07445363972073517
0.174466353893315
0.020618304496483438
0.1546694142931852
0.0356655856653966
0.019956866754740232
0.019078149777093108
0.005546199280451319
0.0502265929772692
0.021725159448072517
0.06669179225122264
0.33347430761493085
0.05115934552440956
0.0031068894825004557
0.019352684470547683
0.21209193746095936
0.013366469181713742
0.007190852972924368
0.029713030950196284
0.016657662732947654
0.026231517119586992
0.0690070275439629
0.01347991382060997
0.20599422045241622
0.22964313428151054
0.030551604598568125
0.036115843523901466
0.02263534940940125
0.09922407326218574
0.052636628846605325
0.17710825116092357
0.002678900369260738
0.04045874648703815
0.13062718847129906
0.014721153783087535
0.008667071852422128
0.09108720139402937
0.06300049942347617
0.1913407804708718
0.018437286468695222
0.008210660058640946
0.010766983252475175
0.08864947025116678
0.04188890970126808
0.11164691076206691
0.012164045152520198
0.2599981799733322
0.03781600799211742
0.05909929752717458
0.004152152763471869
0.03818295671227183
0.18403235601593568
0.040952283408759234
0.031931207050258086
0.134184200894523
0.04796261249674464
0.01789652636360649
0.07812632431071598
0.0166555979864808
0.012425240046401142
0.06040454319929601
0.07923443697855646
0.024924863396889055
0.031254828988944904
0.02075991025919179
0.011098851045505093
0.09394359528575628
0.10137966108652881
0.046270373491528426
0.11965672635261178
0.12120286309737523
0.003149105201097378
0.02976649482710479
0.04880811831473734
0.05542407737685116
0.5567615951138941
0.023377838752459457
0.03719785036507738
0.08707116196182274
0.04962644456376536
0.14729023042385625
0.04919135438448097
0.13165924190109268
0.01699697128652415
0.05857122930076993
0.2577611264062648
0.03909033034834523
0.030961171518338243
0.07045193090115295
0.03201870152724751
0.039982234197629946
0.01781127203825682
0.009208645332615105
0.3028614495383801
0.009123385049263974
0.021750375748950678
0.07807860972011699
0.14264151181380794
0.02810320393284166
0.08007736746031015
0.16258365210767542
0.12035022606588748
0.05943596751840596
0.005307479781580519
0.01797364379919701
0.009497701936067417
0.03740256268172228
0.005020276432218145
0.7309985385395016
0.06606968367492634
0.008407847077202742
0.01242600534529236
0.013778039566018196
0.021056711840442065
0.06581074580453394
0.008883509086886216
0.07392607297528518
0.17751294162781361
0.025503932117179422
0.005044966659648105
0.045547106215057094
0.11496715725286011
0.016150822803558416
0.009578844098968649
0.03826068887828186
0.06790252214913096
0.09538147654462932
0.030231847257190952
0.13581021121631456
0.10542780172525401
0.03470028541707718
0.03752656691026337
0.17122905706006963
0.007609111998991873
0.014152649131609574
0.018868444536580556
0.32240788835386786
0.10331004241941975
0.09618963868344473
0.025612149352722057
0.09030509482511855
0.008027597059236356
0.03611480584409425
0.028540849663579084
0.005695963398617273
0.07930673094633807
0.018816932235122572
0.024955095005601797
0.004914283871819086
0.0390082685313505
0.10439850426331936
0.04284484672304099
0.029732504402130423
0.023018653591723073
0.03098376286441032
0.03129014467921926
0.03972086458175518
0.09421209379721997
0.0029129940919913493
0.0720395338882192
0.01249313181973515
0.022190138488519
0.018818850202835715
0.004331245481270835
0.06072384101052389
0.015670847756591087
0.06239736096813616
0.04806019311500807
0.4216815630436961
0.03068875969741008
0.02076764815001427
0.047921834324107154
0.07063759504176809
0.03200796077483517
0.08931123292528116
0.0107749572425868
0.08008850098039683
0.04634844596281467
0.02822522136415628
0.04109961980356578
0.02409995159308312
0.17354047557756783
0.038159145141815426
0.02955530207135203
0.026692144861754002
0.24206068014853055
0.1526601371234517
0.023374784946699406
0.08348027035297169
0.015022205851553594
0.009548979651750349
0.027765007032884915
0.033356560010032954
0.18602920630523637
0.07129002595496367
0.07289856173830507
0.028747119810298972
0.16530364159740205
0.22689404128338844
0.03562326130736215
0.020412229135246023
0.11695131654828761
0.09500528673801796
0.03002996375532033
0.02778576736770731
0.10774545408389713
0.006025298901231176
0.10341809145446346
0.0038218527937171113
0.07723223405459688
0.026281470919255503
0.020222838961376426
0.06443847073574378
0.010746914568404209
0.026156801679140602
0.09902021222508987
0.28994104386879455
0.03486975543124199
0.02873039436263117
0.018718839883608063
0.08313974479884638
0.011069844660358886
0.025908121983236308
0.04609858342962145
0.06192771854563069
0.019318742896902216
0.015008244726638323
0.010471990453515113
0.34498257836639273
0.045441946264001255
0.47567507292317757
0.029258094178509175
0.010450242611144002
0.02271499541725358
0.009600073440149843
0.03592471045684765
0.03609228035159318
0.023384565712396863
0.015121812076033104
0.01118644230066545
0.026901389993634228
0.002406977433786279
0.024044068998391472
0.19366781225563925
0.15118703925606455
0.006877436128362921
0.024458173486591604
0.017623508967688477
0.2794762332832621
0.024499849435462306
0.00859616255082036
0.01951309475213475
0.027572518851646965
0.017522916098537514
0.09628908408085622
0.014916785546226677
0.009568413409668786
0.01737196372704024
0.02345004437718463
0.03609433823469534
0.017668766830860137
0.10492749496035964
0.009101644360094818
0.004656116404497538
0.02120473947154622
0.03579041456542526
0.013192655300890034
0.031269635371840195
0.15744509297177944
0.014407543288836764
0.08010623555746633
0.0698188067649831
0.08503524060789756
0.3214013792631954
0.022506196800812815
0.007683476361483861
0.057408727075402656
0.0554748984723469
0.1761378995907639
0.13324793242661956
0.011127176381333412
0.05852203986881057
0.07396500683121059
0.0029016931942729466
0.024163339204572545
0.00813363007266423
0.23681114266283496
0.02739199613202004
0.13602825824518203
0.10661146686253424
0.01756999908571194
0.0108809381537585
0.06433590317161764
0.04376820938070065
0.014074438300051346
0.0605873688786401
0.03900327726126573
0.03652296282775288
0.07366383165970569
0.0393190126187482
0.014133171630868158
0.17674328600339495
0.07692780056561511
0.4039248935935984
0.03501525016221216
0.05029352925947114
0.00443808932099933
0.2033770208675818
0.07318371028664117
0.008956457550793745
0.7433364348952759
0.18922087313607228
0.11149029089803648
0.220153760007873
0.013985950036420308
0.03157755299197365
0.13437245548373725
0.003422134958251137
0.007287044675395808
0.017335700600487843
0.04031814499487047
0.010206302824284395
0.0282176294103219
0.009580987435266726
0.10631139965639826
0.051674450726794253
0.06998460106767633
0.021042889574157286
0.009376219656959789
0.15278392819136463
0.012001429481642886
0.021517238089633822
0.07534923848383072
0.028714444136634626
0.1155974592761525
0.008489467805863066
0.08713299361779477
0.04882754181724058
0.020686420441945737
0.02984548194319597
0.0483085478511609
0.0727815496549553
0.3077780756359619
0.02673971292687841
0.035756030405991325
0.03570457488536874
0.09103830534926664
0.030677397314586904
0.09779334878299761
0.4415280661686036
0.04570001617187564
0.003189393209844795
0.0031581128298491363
0.04762117603906577
0.015518859049279273
0.010372327193411553
0.008779489896811
0.005743232020311575
0.01340122404201434
0.003360376163555351
0.0660359324152432
0.03551444067692006
0.05335104896483204
0.13366726805037638
0.03498197815479999
0.0627165747377119
0.0463258530591267
0.14067681071751184
0.01006576471074331
0.018575775310823345
0.0659055510625587
0.19408715124544104
0.41950875689890016
0.017065275724604135
0.06430235277344898
0.05384079144838417
0.2111020519256067
0.011921024991135282
0.0643430505474305
0.014852960715240495
0.03385350477400301
0.45879351783645667
0.12950021508015927
0.1238735061278027
0.036065954490835654
0.08504012666450765
0.1512635058178545
0.05924377570405465
0.09082759848278336
0.0036747307886306492
0.2509279628107893
0.008475657853075138
0.011526086504104574
0.3186681263630331
0.01788572859217148
0.017206819229375028
0.2656425963240731
0.030805746184335053
0.0544649835966945
0.04966092125001762
0.10294138883807268
0.1064427517310809
0.007331224231977535
0.14331050795632996
0.008212245743492141
0.028308996746328613
0.040449620978071636
0.06248909668024266
0.002695572916411508
0.09700514017050173
0.02964380786633192
0.007157533630651715
0.009481187469116564
0.01594768972573826
0.005277955491362442
0.0747594543177429
0.19744895239304072
0.005838776437077486
0.11436179692174268
0.028271240866437567
0.08946571470336502
0.2975562944950521
0.012910801381585263
0.3418601606949596
0.08255855457550682
0.3473546924570667
0.05269543807349534
0.08722270614400358
0.07179143575531001
0.07896655532454222
0.046555258141644795
0.002294363322482108
0.015139784288471061
0.051679989177719106
0.007549968063212803
0.16672696895848962
0.060934854098347
0.06439760822668339
0.01590645484399523
0.12409671832021406
0.009971859502412556
0.019604501034397533
0.10794552316299767
0.2591737360092392
0.018846570928574304
0.09793559093200217
0.10270106668943739
0.14645256907941276
0.2612025582282717
0.19024508717412222
0.05727180211569612
0.08128112179529058
0.33836902391970886
0.027532139135937203
0.7977122560991442
0.22280840024334203
0.09965555517787923
0.11151358940853055
0.05608000066823454
0.04198289286191923
0.16131136334454374
0.009287369290338523
0.009859501775716014
0.158038446663957
0.023394875517388825
0.02919621460137803
0.02154298360478675
0.06483435268381947
0.35694462297486856
0.02843272744709154
0.043207879294561546
0.0026052543297837853
0.06560593683903358
0.1541920754410902
0.0415669105767009
0.023521179419268304
0.002188808045953237
0.16617997722105507
0.04088858578075765
0.00934358993641661
0.041522548021575394
0.0613688797056798
0.0009818876726887572
0.0950244283992529
0.07416339401795623
0.02338851017107205
0.04416407056636908
0.0102510946314302
0.025653947654782395
0.041668866199753546
0.030750784384163083
0.017253755333081714
0.10447854342754788
0.1531488954203769
0.04659202243356558
0.01661246643936229
0.012649221522481602
0.028681262385437622
0.019569933842060433
0.02579298176211992
0.08576787319141861
0.01587973699485493
0.503824713527761
0.010197294906402999
0.010519082711419903
0.07895974433932679
0.0532813093812358
0.1711203360854446
0.09116824487035019
0.16409453573234342
0.004301387609341318
0.005336840776650943
0.10714640304984097
0.07550716577621401
0.009934792277177903
0.06537913176241648
0.05194773237110492
0.03417141337752599
0.03750972962768137
0.3632071536013893
0.20938553006024338
0.032464319676246245
0.058100607169599826
0.02707929609073333
0.010969225845408189
0.04837717537234356
0.04337229012164443
0.0226020707160234
0.007844545626323186
0.020343787592228615
0.17223271830172593
0.03568501377668364
0.07494372363569766
0.04032598456509166
0.015768824348634622
0.01723787592451898
0.001429170985433901
0.0075202348140346355
0.07747915294545905
0.05787116939883711
0.0701713265206264
0.12272945255517403
0.10760546793420782
0.13198971389725977
0.01975076625546829
0.00801235467958798
0.022398344638251706
0.030079336034606097
0.025992600417319846
0.0026184574245433044
0.14377532638703341
0.1998545347763527
0.08394006684930527
0.06741712548102725
0.20716687455516858
0.2602383206718147
0.1863001570463959
0.04136801243290283
0.02601222063575806
0.013419216879331874
0.19781117240080068
0.008361903033633293
0.12482529822017978
0.7376881916940023
0.04986186454529662
0.008640366555110782
0.09045771166642251
0.04828783921238644
0.026798933166918133
0.12072275087285979
0.03988124635211552
0.03679690776540524
0.033944683708967145
0.13655619609566927
0.021418563867112758
0.033295581493051535
0.020330429334148272
0.01575814854371707
0.008065208851744728
0.10556556915217524
0.024306248400536797
0.05172546069822315
0.03613025984716755
0.043021312861668604
0.09061513795805248
0.05329211912230878
0.027581908502361845
0.10832612124593477
0.005270312169722638
0.05829705217401354
0.09069963555908782
0.13218797573684127
0.011199361410229971
0.13926185238454705
0.023635690509043312
0.6464372066105913
0.10916541759360365
0.08686026785507693
0.16441307512062392
0.0055562920459450785
0.10141191264835121
0.027658606343131956
0.019687232809435035
0.048147570360566515
0.06008958852790591
0.10703828189506633
0.19844215495890394
0.004712352951689117
0.08687140109854223
0.13051883314136012
0.04764803133481484
0.005327118597898049
0.019558597713476854
0.17114942089395693
0.00488987742937604
0.03355769893088369
0.07478888780125288
0.0036892796702240305
0.037784673156739994
0.0710005574171683
0.038250810473200454
0.0076849516934082915
0.054554408751991045
0.032989016978787346
0.02890794553793233
0.06534378355046712
0.06978113279842556
0.024619521952544826
0.04290419306016113
0.011518051148649877
0.019149221398680267
0.03241928613877451
0.12079263960088647
0.00507254744038147
0.03366983736362306
0.011794326528524942
0.11364158641458806
0.09188883357701866
0.10296567319285142
0.019542179776222465
0.17923264987086127
0.008812593998029835
0.17252373189145911
0.020611911041038145
0.032036128288153484
0.12213290389226222
0.039413069228710455
0.04076611794086574
0.033713574239931314
0.029889227229811677
0.016649130015141775
0.03430162034627366
0.07492313228168085
0.3582604589099881
0.04471458472910036
0.04649993173926867
0.0534096112675786
0.2102301364363114
0.03164630996656838
0.10007797375411585
0.016121242162226487
0.0007835694970455977
0.02957972332475756
0.15359705814669636
0.013182147968238495
0.033785381452305994
0.12091026801749245
0.03781871364058334
0.006459283312670744
0.008536514126035047
0.02382189450266567
0.0028065094025693845
0.12555580295237365
0.046028499205053315
0.4770410976436434
0.26501718867996854
0.11520747228324864
0.133611131924848
0.012508712902703896
0.21352931893264585
0.03181042090330022
0.021860248325160578
0.012560993338979295
0.13494135160127999
0.02934428954691558
0.07267685838356053
0.04351369752685589
0.09220698143178656
0.06951426241448753
0.007982135029042062
0.020379235063059314
0.03323813183097813
0.026856194397582845
0.04742375778505775
0.3513196613114089
0.02660822977528691
0.062248679076337333
0.005398971879989808
0.08045709229674104
0.08472582207329678
0.20584718118522313
0.6310318858685645
0.010423367039348182
0.29663686780689985
0.020404636700401553
0.05695166509295235
0.004536625036972626
0.03689879770322633
0.03434351386691554
0.04300720788547437
0.10075203751278983
0.04308292445600764
0.01001181903545763
0.02116712488258653
0.02725446550047671
0.013195933415346646
0.033837842124196583
0.08303192585624508
0.01977359327885631
0.08781258298843857
0.06799024568343741
0.004894119459219237
0.07523838864941744
0.011021439148381695
0.009075702458423198
0.07639803106774133
0.0025215082362912973
0.010146073926197909
0.20018585564284605
0.014682058425499219
0.035332088356414014
0.03602058459623348
0.10127986789145628
0.027020032388660953
0.06593374143601184
0.010029604560486958
0.02158562218354144
0.010406471441704371
0.022555524754300737
0.0571356639977296
0.04484087580904137
0.35453154695073147
0.047264150722949726
0.1695109303654229
0.0801766648782641
0.028529729711791667
0.07555168395124574
0.02414606669064337
0.024278124560416853
0.04719425303006692
0.14625208903227893
0.12664129836188187
0.4314767442839505
0.5559811649214607
0.039124622194980085
0.010748876893046724
0.05196718062337491
0.0196416850706844
0.02442668700517393
0.15689113502678145
0.1311279090206906
0.08895704587218611
0.011143130018283967
0.3729636250505124
0.05955752096278946
0.012758921097820923
0.09835514402879897
0.021291856594058606
0.025269506980006715
0.043450996376320876
0.03573340917498005
0.007119474596846913
0.0038786198197622926
0.01700052210069988
0.025293655994802933
0.07943894972548714
0.06701131298515238
0.06260555776156294
0.01238933915727039
0.0894520550381906
0.010582960482716633
0.018260981543784884
0.07780371382762315
0.030228837611414826
0.012166337749813037
0.10559028817013388
0.1973409349489693
0.00646047967259307
0.02503223006906578
0.013503120257361632
0.030449464632787988
0.26418309330727563
0.03577618599682056
0.026512458081694685
0.0645967658468077
0.26551196371177416
0.026822495288647896
0.033891515884606045
0.033437754126211194
0.016261686103704234
0.006191086985981389
0.0030665808900792423
0.029749380544639003
0.09810215721743899
0.017628112721995232
0.05135573202193309
0.027377402226441628
0.17271196762701438
0.13716071829903714
0.013747757855229975
0.029288739408350983
0.04261412513285192
0.07969863600919218
0.7681225463185785
0.017998575136948396
0.2077173048679478
0.3817031736134618
0.13338582076630226
0.026099033726453294
0.03426557332046463
0.018962375681287568
0.08850959938395993
0.032566026076702885
0.11364073807491205
0.17269350871900943
0.08489692548806305
0.029345454471418314
0.07324495411776728
0.6172491102254022
0.11822863154438912
0.16006965351436298
0.05397116042474253
0.05604412223613053
0.030803895207367465
0.05326649054671138
0.012945295190636684
0.030073546483252594
0.05769786583380506
0.11800084593300829
0.015362911597737798
0.16161059986279383
0.02064663555131459
0.09251052807977422
0.0409460842013199
0.03348298744920095
0.021741094554806908
0.022901933043873987
0.045710186291312016
0.011640673099667773
0.049853350593145024
0.06471516165927828
0.03257443514420573
0.03751804215138363
0.021740093545055583
0.0022031163767062575
0.00902243228995498
0.13744594791538675
0.036999778149788755
0.0076195930417124885
0.030394122988421274
0.06170222679726387
0.2911553592462131
0.09531019089465832
0.11728756557508101
0.03473927569281851
0.1827734836632587
0.09379203206546756
0.05925008578363517
0.033335215112027826
0.005806547337856477
0.4981949440804038
0.12044020849238969
0.12290996588516624
0.22626839921631714
0.015602877574013907
0.10023085849170403
0.04825698423101978
0.08008922011741641
0.015595716303772942
0.022997915926692102
0.020496650600639585
0.011708353855686101
0.10393218591881624
0.02533344120370773
0.07869664367400332
0.05365934325170932
0.02647688069342648
0.01639551513581274
0.3587281914847427
0.028488838242792563
0.029837141600432538
0.07815275717940028
0.022089526394665358
0.05162119773879257
0.09034041687759846
0.0263460733205343
0.4447475134652075
0.04107168435774059
0.08849282207386062
0.06458093121690339
0.007513224925908075
0.036005821178949265
0.040220561808760665
0.19176132154923775
0.042820791651764306
0.03758763353689014
0.012964474124813524
0.048663115548527834
0.08706327416850233
0.09251928735824094
0.029981047139589805
0.049423266212444715
0.0699468631718158
0.3209408622487229
0.009939174195740258
0.08608131262455519
0.09041351256165593
0.022040628088399284
0.008768653593290618
0.17687762728182063
0.08825732345128369
0.10011465460717041
0.3685319477750378
0.08037611355846039
0.009250571130486418
0.06270560971312816
0.022198479937947574
0.014384910663719691
0.1157473611489535
0.034787153872496285
0.08868790709602718
0.03339637389098541
0.12186206746450141
0.07447504792526236
0.11700208777491534
0.15151317101807837
0.2176102798505414
0.03975995626563054
0.0403780705022396
0.07677447485320307
0.03729739448886311
0.01477275612538305
0.019766573409150365
0.017632164698688252
0.013268023144187882
0.0653254558438394
0.020317622499022178
0.10821934014004497
0.035182258711493136
0.044473752920929914
0.004741167279298481
0.051478613772581096
0.034102582377870776
0.023147052702056987
0.18457642753312561
0.010487658897193212
0.047209462278152654
0.13168656418190197
0.04511278565953469
0.27266578553514065
0.10234310935160205
0.005231339280506381
0.020837627997356053
0.04359831327925848
0.021669096094512962
0.134145335759962
0.05091048677354835
0.05423587314433675
0.05057578417982456
0.023472525691443123
0.03573455988274018
0.043794490515720215
0.04261367510488436
0.008319024283834324
0.21316588215659582
0.02667741618377338
0.0032217221573907443
0.021164894880749036
0.22242105804680903
0.022658459169578617
0.009001992977112336
0.04026452442816076
0.016801446743229465
0.3430294370323779
0.02603067918825555
0.024126102506806885
0.02304980417812416
0.3000719963695933
0.09376147011970803
0.12717247440542093
0.016428372112368698
0.032845145461324755
0.11967060250548274
0.04519451955926112
0.010551933304721484
0.03503529447192442
0.04492182242437545
0.009999187749908508
0.013698071121421455
0.06663726543058453
0.01163843725805068
0.035562966059683364
0.06255866530680358
0.08540768810839315
0.08943842169399469
0.033818727681691925
0.0926967432275352
0.06417416385043488
0.002785163894123185
0.11779972037908275
0.01827466108314363
0.1287567871516089
0.030950754927095966
0.09469183101633104
0.0666117589704092
0.05198333485733526
0.04555226478285453
0.009817303774521351
0.05544930181754121
0.13352653248971325
0.02057480476977598
0.4080190775417442
0.049890810602236164
0.012376164356280256
0.09054088802255911
0.012136655919283855
0.024272142975871925
0.03962462209005445
0.0643861004597373
0.005858327424294631
0.09636482910902229
0.8119597492473671
0.019252294350401898
0.034223133375743287
0.029286710041291176
0.11238238180122444
0.08973903864313922
0.0472497385824727
0.01880082986470964
0.026634353026905134
0.02196887719169449
0.00719499637383197
0.023065891609067742
0.14712610476451193
0.011044584323384987
0.14717026469673578
0.02582069859004799
0.09434521540419583
0.03255222866404254
0.01972519875688893
0.010920466708093442
0.20212050735632892
0.4523326156912189
0.019413619769694076
0.47512474155312195
0.0341073092462219
0.010029654127497513
0.12375164070811563
0.06892013873144837
0.04540332330366367
0.016266504766687184
0.03421598787920091
0.10772239675947178
0.02881423517129912
0.8753612336154751
0.030945100272514615
0.052438396983739845
0.014340571402293166
0.009933549522448073
0.02620646866939143
0.031498855429713486
0.031874456966520116
0.15084373494996123
0.006495170336258474
0.01237897476119336
0.030109188518082915
0.0162819019700435
0.06803205137462069
0.09039144603176297
0.07292857370883361
0.01843998528374793
0.020292300802541425
0.547305682513747
0.13888660077369785
0.11618266954643434
0.03211651253676918
0.5302158046220884
0.01372543148299262
0.0181986083604954
0.10902392507229543
0.4266940672162563
0.001623758995226575
0.007328833697720136
0.05623117273505005
0.5811356311551956
0.01740792488385837
0.05942426899626125
0.009643388772414252
0.07616684106465393
0.08736978034156588
0.09196025750739974
0.00982344054799785
0.013156144669621332
0.017650367937568204
0.12870299958333595
0.027015596036215107
0.0011527999970982062
0.12799614148189783
0.013901181023898418
0.016133872237596412
0.01758272225104844
0.050575659866356405
0.029560650792841186
0.3057845976133558
0.03841941482421477
0.05816382351332552
0.07291148361374498
0.09900718943753879
0.0176165079626712
0.0816092908411336
0.02581254820785694
0.15689824727160373
0.2282074332210866
0.07300020642340777
0.04411844203981904
0.24884688153792225
0.23011011040096405
0.04895491520512824
0.006967559903513792
0.08639782358593444
0.17435042614826726
0.07449389545212969
0.07129004699910584
0.09104611269852454
0.018520722746119427
0.035455255536673176
0.012049911485883457
0.12934435862427981
0.00627194692599372
0.012487507874994702
0.06778557756161412
0.020714414995731716
0.03630558589379881
0.19959778132398961
0.07268880711364224
0.0647300592824826
0.03846961661536604
0.03679449023336884
0.03521447853548257
0.03642466621352392
0.11323565221126153
0.08863038159223513
0.013910543291238283
0.02004553324601325
0.016249813104898883
0.052320888922144655
0.058621370712605224
0.08642612747613015
0.15896671007929866
0.11674466399884109
0.038955079732048654
0.01837408341873323
0.1020618453860453
0.02759118568487907
0.14405224732442556
0.05186459445176351
0.004134141127718195
0.058339678423042336
0.3337636997020234
0.12829226068371255
0.041043425999478335
0.021567250171474928
0.09020126389337624
0.04961971604999236
0.011688695796097825
0.1439861805211966
0.05287684387989863
0.16443342269545888
0.05321181832865654
0.010767846785258694
0.3437903701137896
0.028548566355806146
0.016703553954311886
0.03823644875948621
0.06951350780042842
0.1100739870182977
0.0514287220075498
0.12179523983976726
0.0061983018156645
0.0061379821459796825
0.03519970321798193
0.05094569994533432
0.019241624876968615
0.010216655932980427
0.028559817891481223
0.0304162426172639
0.0048096716619301615
0.48198649625904433
0.05071231436540857
0.08097163368496234
0.07932475355762732
0.014232203700291546
0.024992190787364945
0.1985942646139346
0.3697407971630377
0.09589650646683989
0.14004518253689896
0.008010580175421183
0.0061890099665249595
0.008089483635779446
0.15907819346735122
0.206324159103861
0.060222602544662135
0.04704324500362786
0.2939690034587222
0.24165689673728616
0.014398942219841481
0.2240856986296086
0.011646029376104067
0.5926758662178826
0.043792397230050295
0.032543093756083254
0.26490948757848204
0.26458544351069285
0.5658575106676933
0.28535795213698617
0.06769630857537627
0.5705049904864398
0.06195622584994003
0.008428824305704364
0.1473912359934441
0.019583497969984393
0.01353686747308594
0.06926883390351109
0.018404159956935656
0.00584714482536453
0.32330673825528256
0.018826030633146595
0.251167144030783
0.029743969629189456
0.10774845854886606
0.027441022938981537
0.03341125659515654
0.06722236807602945
0.18357632740108676
0.03368686933667255
0.11123781528156151
0.03389874288822963
0.02847559221638558
0.022763065766323615
0.002642590698405332
0.0035458592042197216
0.03880521655946502
0.04032704282530971
0.2486455846989358
0.06979086555050745
0.04276103110515935
0.28830378730559486
0.07268801828230671
0.0567016238055364
0.04999444078188941
0.06184812750765704
0.08331184426800498
0.22358479132466158
0.00808124364967413
0.3966373176461766
0.14680448560522283
0.008426198829834248
0.015093282608853587
0.016319612801699874
0.08167735602735794
0.022304288969272206
0.03239358143814414
0.04912695951602647
0.025036522538355126
0.011759561423695159
0.007795687562731471
0.07307347565529614
0.04543397671869037
0.05565993700199098
0.01117693901977495
0.2052543414785362
0.01722734027337497
0.010723140106447633
0.11378592129131725
0.03292101081909469
0.05356651501789073
0.05579668587400174
0.052521938816654755
0.00742829563238439
0.019671967709747832
0.09817312235969065
0.020490475219331315
0.1561464014540195
0.019186497818282643
0.009324305533897553
0.03747676207883651
0.07525873313920566
0.10374184784823148
0.06865637146935223
0.01935409824473921
0.0016011744803386583
0.030474653255877848
0.025112661515762257
0.05201223624338983
0.003841396823126661
0.005981956759871746
0.0261373595078119
0.1291017906908725
0.024364529583800434
0.06112763214836008
0.42474056931844556
0.0699218204356304
0.08670008632983289
0.03444741873538142
0.028221638769318862
0.14572037682700803
0.014433270611852735
0.08684651654657548
0.03550004430555667
0.26251155641629975
0.06620861392793197
0.13971354083301338
0.018336764009852895
0.0710826809931864
0.051547767284860636
0.025628839730166025
0.058765449854062235
0.1239834064171833
0.007102600166789946
0.2568492796818252
0.09468430541816703
0.10840470731566143
0.023574063235335424
0.009821388520286656
0.017084290172186028
0.017340259155746756
0.00719984882158987
0.03061209533434378
0.054289375820394246
0.03485823143213332
0.08875874499898068
0.03774342409200914
0.087581223369724
0.03944364224990166
0.19871942417333144
0.7710306491037295
0.0015723094474751752
0.08591782720764513
0.05869306906988431
0.10556171059257317
0.2633058778832676
0.04003954590772523
0.012495275560770935
0.014343210145922424
0.04317952527613817
0.13424794382537605
0.052965436928012664
0.006385661572236066
0.06441923096730066
0.044884940512618265
0.6523314439307667
0.01310617839813512
0.07929539389757634
0.049648782265500034
0.00935118001861899
0.04727289192404908
0.1744345318226487
0.04851679401976342
0.018194415452368835
0.10371657694226318
0.015434640191741443
0.047736663105494175
0.0166885475593636
0.06160062436854663
0.05723301673860415
0.028066747237967333
0.012493061838673354
0.017316585642833813
0.22386752229087178
0.12342746706597581
0.008628346339867298
0.09046837890846454
0.029837366194732068
0.008185845944303142
0.08629644306608057
0.13563614427181692
0.04551055123325143
0.08288384306591126
0.08286279062355244
0.16233018611291042
0.0092787318304355
0.09018260366201543
0.04167153572171391
0.026858199175192294
0.030997499481842453
0.07464915464575671
0.022582056490140393
0.06715448492099584
0.19175918649252466
0.050131192678060744
0.22759681447825242
0.03169079693114457
0.010547871080510833
0.03567941399772175
0.08093463188353246
0.025344552485475125
0.014154795861260802
0.59231534617779
0.030327016217051247
0.032987000302679745
0.043530538023916716
0.06946672593632719
0.04836296341450372
0.17432550038994424
0.017003441336188016
0.07148232231131864
0.1486654181214784
0.01307765592289714
0.03948821594114824
0.03445136980106226
0.3911222006958297
0.15501684042999317
0.005551449798159525
0.0634671305706341
0.1785801394449169
0.05238577932162083
0.006465079739066633
0.13801942410780843
0.3563623886480262
0.47765225351492413
0.008864705538385724
0.04723290840377004
0.10031996729279058
0.046652703726684806
0.04565292794366177
0.023339385982456117
0.05341931707396632
0.0878699709512825
0.006552237278252171
0.022500957826666623
0.02493115875983018
0.004257164622098614
0.022275269138389325
0.0029229744077576615
0.04739644632208589
0.029662767577189886
0.014251113333033494
0.0239305022874878
0.021977594847719866
0.057487135085825224
0.01689853863352808
0.05407010855006115
0.0611771690080358
0.05905110375446313
0.04250831024387377
0.03605186912149638
0.04218955202540855
0.027389598157185058
0.02692585513778785
0.016672308343553408
0.014093059130375318
0.008490867689342589
0.13822095231630477
0.009393354250498712
0.06891496843071937
0.05576544436706276
0.0569685394310315
0.05783792425995207
0.0031021866418838094
0.014119234790755192
0.3570598812220703
0.0041544264633924495
0.0325246953903593
0.06646125496089618
0.016382362698242604
0.006987431399969687
0.03305383425948628
0.012658147799826713
0.08777119897223899
0.030459578572043917
0.020016639317610527
0.035209452462439846
0.17788379997074188
0.11626256342564571
0.08398612462203797
0.054899233184038464
0.04126073952609544
0.013605982049330912
0.273514761160038
0.5207983157245425
0.1739565202506469
0.04651747275226431
0.09582947162423511
0.0025804352566792016
0.0613018923761063
0.12196975664598299
0.028851079504333937
0.04013688804433031
0.06016443296418261
0.009818317872549548
0.0841907144012859
0.062195200280113196
0.0016703290504919005
0.03538655648864362
0.03521398064389606
0.06810374166138386
0.014840696576622348
0.011881745780214286
0.046340252352982024
0.04571232229465128
0.022215167709514903
0.017154807292925314
0.05716381172452486
0.1110372428509102
0.038982069808430116
0.011268786521319296
0.021816581780383777
0.0843494916229122
0.021916586284826223
0.050517943068125244
0.02583619727073781
0.08619455982304618
0.20249734982146364
0.02280927857016254
0.0769024369402601
0.014040744212880367
0.33510040402065266
0.11161043523139413
0.4324149080306743
0.15206230081354605
0.0648600066437109
0.015144983991734648
0.04409331564012198
0.038717657240288715
0.0889352353806706
0.08400219845744077
0.012937936479528294
0.49207991543557056
0.00417325996386267
0.03483838561537468
0.1328916776018282
0.02187760799207472
0.08146857767701354
0.018083444200777985
0.02635472773049431
0.006805824322764537
0.016855849979963422
0.010440808591647777
0.026517069522554605
0.2535460110898144
0.11066711039051613
0.1733289682252144
0.11171731331953416
0.07597571129184177
0.02082052528601461
0.06643637567597441
0.03952227796054367
0.2804185849977049
0.02609947490661595
0.007411953294369608
0.003440540690343778
0.007259424811769816
0.08403026382214762
0.08420133288487285
0.33367632446071366
0.01814707028764276
0.509084956539222
0.07766971476829526
0.42958932791593507
0.11008323223687717
0.098910530694438
0.024900565723193952
0.006704048948257053
0.03252806645824078
0.023837291910452963
0.09995322747868518
0.10528444271351656
0.03672522016379611
0.05963356362854846
0.03134490903498716
0.04479207037735966
0.020220467715726963
0.2801129911080618
0.0036909086981863452
0.03350407169702704
0.05116567584445573
0.07074078990978598
0.07427973512390453
0.010085020935764057
0.10853858455382469
0.20340303957232986
0.009985190195508843
0.02257804915710057
0.01890717760995829
0.010181845623664268
0.09982007459546977
0.033394652530441965
0.005384435912677929
0.029057901912649536
0.055627530123250335
0.03189269999133159
0.1511310979655346
0.5199773004476488
0.006873955707241071
0.06045037164503939
0.028841815901430295
0.02087816109950411
0.013208113800159649
0.03859803504663501
0.0839216302941783
0.10494808419114637
0.023169990559174264
0.048430265856915865
0.003915400562541998
0.12634726315996278
0.05113435469784616
0.0661471764777981
0.021159766916709167
0.004877315489113677
0.028129544535188452
0.20774348822919633
0.013446082343347104
0.05215819475179537
0.39714496190427706
0.03133369574598526
0.07942010369212384
0.42667907245430264
0.2600829114823396
0.018833785464423634
0.26879377057574294
0.0173963057922593
0.021625811595969362
0.13167997069640344
0.07548919275430233
0.05176735019117853
0.020399494974588053
0.1378536321410018
0.07504204069022052
0.08029160815198798
0.13011135518200886
0.018308298020723483
0.03356201759771236
0.00536626512424003
0.07498742332450091
0.12046628603942784
0.011975303779913639
0.033671200148387766
0.012268449585913999
0.2780501762548016
0.016784703641816587
0.02143174481219616
0.019712734403279603
0.36789469218498305
0.0695912001903853
0.01138519269750241
0.29971951270767966
0.5871417596361878
0.07034949073532988
0.021345334946954748
0.04278834396734696
0.06105946029090237
0.01607013560158754
0.5982826346062454
0.046441201676625445
0.4725556911784517
0.014266486504909234
0.03899565057681317
0.03572303982895557
0.03351732387476365
0.030171085278324062
0.029019465339252624
0.031016904538228484
0.02222213474187143
0.06402293521026656
0.07645123889789511
0.034912674652193186
0.06479459717880483
0.009794651149716052
0.06578026349417843
0.038800381237227385
0.06190625633370498
0.028843245419484877
0.014978362928021923
0.0847774763355441
0.030259574195997247
0.013165930591963484
0.0664898311978417
0.0454416565340846
0.005859849654458231
0.07177910202146323
0.043632202216034144
0.06425508822169569
0.0398774590390795
0.06330106094436307
0.005236207914124165
0.024643346014853237
0.013417759295617823
0.08664284634713397
0.0161806555761459
0.002181018044940124
0.05245889160336198
0.623658130578933
0.015070763382617864
0.024234177146876177
0.011281994950919305
0.07545322836371714
0.017003405824680875
0.11493189477866587
0.12464558373471825
0.011715769936968393
0.04325776051869632
0.027065766243242733
0.12309026718107208
0.010086950325498681
0.05205051001537053
0.05275291177589602
0.049643783697659837
0.0074636495531241855
0.026087199236867836
0.09446184821451346
0.08823408110608773
0.014370162672921927
0.19240655459342845
0.47639478880259944
0.015575136141487816
0.034149115942568704
0.10699590095199522
0.013041603083838773
0.04531075603954746
0.0586068721044097
0.09425769578688525
0.02152319228080359
0.08262246787443744
0.07541497633044887
0.03551165979757327
0.09163943731261226
0.021156793097124038
0.022817542680014194
0.06142437626500103
0.11088971632024631
0.021052675967629764
0.012407511554181128
0.014413720393194164
0.14690766370091465
0.08304685832856694
0.08823977132262129
0.0072812664143233966
0.012624461313953955
0.0646803884455738
0.09282913981384829
0.09645387468710437
0.26842243835284657
0.015230522094128984
0.010742817840435882
0.6769298978213878
0.056060584410031124
0.019523609449228135
0.015178452116381575
0.485650115524266
0.19976578587174154
0.2083127633439055
0.07558115295050087
0.018312960693057004
0.08616589785671126
0.03358589787590244
0.02873797448664443
0.2855943369927265
0.01078819592978756
0.013518463409758145
0.08891490088394487
0.017546621729927634
0.0008821054337698948
0.023348945508536664
0.008041032452904976
0.11530124857140915
0.0038102081978423027
0.3644743637381413
0.006017965875232442
0.034130473715621494
0.03218236792446962
0.6569977757889426
0.04335732608580661
0.05914589777585106
0.14364434656595595
0.28246975318647666
0.009956128192784661
0.0017346024916926918
0.004215802627405066
0.02698762273176093
0.4920766240427461
0.13757875277673773
0.009662493425926743
0.055124983280933265
0.07798497684429649
0.012055760702033229
0.016451759601216018
0.023269281566334944
0.039629357175147775
0.021268448525679783
0.1468402019098243
0.012316170282312308
0.026588703027502825
0.036459116991358544
0.13535859255329816
0.023863866446897225
0.044155723809980896
0.11154757168563638
0.07373349072718419
0.047299890883117146
0.015224194174701689
0.03633144576443486
0.007403550882630397
0.18251047684422747
0.07022842685690071
0.05943223257518709
0.04324559812622264
0.16420263790524178
0.027113951824026827
0.02293205479409106
0.08313157038472346
0.01617750745866378
0.007432424193139383
0.05867954391339675
0.046844879810350716
0.022274399849179716
0.04693967358487743
0.07717765297290922
0.03842641890884784
0.03429296764265092
0.03469140389805373
0.028780915305295945
0.09345024293338289
0.013076284331327043
0.012193853466071951
0.054367224981791085
0.007290868021781932
0.058008704260089715
0.004534743118408012
0.24289812873193548
0.020312433514417725
0.10878073535220985
0.1241261926039572
0.24007764268513299
0.034042235821326046
0.01874119220861818
0.04198957659425597
0.03475023701068883
0.11350731012239341
0.013814557000658001
0.04263118519021849
0.024001839853698276
0.019240515049992933
0.09418916157138385
0.04333656675141134
0.03285600643410938
0.0076812984560024585
0.02850548241812455
0.15120021694125904
0.038025926922544744
0.08037832153001016
0.2987007076611764
0.08901664735672248
0.0620383118582583
0.012703513027813196
0.04023845138884343
0.39151489021731894
0.024568567339424627
0.6468576241177941
0.0062411291124972864
0.03623542515035824
0.02174038959812483
0.43974921208419077
0.05596262732749985
0.15737290202254925
0.048734745047990725
0.013475550089679671
0.16364720354320342
0.08301946897192528
0.014231310645009933
0.04804154356087038
0.0013394056036676075
0.0200827820299206
0.022931710997800715
0.06400007479996982
0.3123298702848472
0.06511497569930286
0.014348298938731532
0.7160243888260717
0.1015207909279348
0.3603965147425307
0.058944816393918915
0.038332367452803155
0.030375422172711535
0.4063718486545121
0.0113067700174303
0.3756227206895438
0.026370751234019885
0.003690971223565806
0.1456532885329251
0.023674672032135847
0.04007098774840883
0.01939515170647416
0.013057109613066692
0.045684882565554835
0.017772039865916394
0.006407357580282926
0.21078437040769274
0.06928775055385378
0.004876164283144797
0.02754038880488573
0.046936957607477604
0.08239582603936589
0.020463362037108704
0.012109283112340816
0.026236590111268887
0.1482611393957147
0.07305498977811094
0.04626826858304215
0.02322889331858176
0.06219965830551855
0.006818961729013144
0.012477259103753214
0.07075197578613711
0.19602515035323584
0.08955095258168315
0.049245140399387176
0.02412721849563355
0.3114334081771441
0.0345789950842565
0.17567866161901022
0.034319044330905144
0.01191672036027496
0.038815858824750256
0.11088501244354189
0.010480672471340468
0.015933046861717672
0.004668307460708766
0.04801230380834535
0.1344883196417688
0.027468023354114465
0.08896630540364221
0.010040976175470583
0.03199005679384487
0.009019931373603166
0.10818454777147359
0.13001676211055715
0.05542112123714649
0.03924977751581155
0.0028386049018200546
0.002936945524455084
0.0731215418523126
0.020619079227289974
0.023821596612684737
0.012703814538727556
0.09196422319317375
0.021733913377983794
0.06969499313170559
0.08879835274536145
0.3647267093759627
0.02660688634975496
0.04280057263124187
0.018364257120955477
0.10301613355267404
0.03989708587891879
0.013567171783733784
0.06974494265951127
0.044893862101134795
0.08982553043747306
0.14543284792110667
0.1572701248058412
0.06633483988090362
0.052945258947718864
0.05095270057181659
0.12423571735335977
0.11328508255773712
0.01498344811337523
0.2174061068685292
0.020732109800370106
0.051402645066717066
0.055580416762028136
0.011725652398990259
0.004017885374927915
0.03294607810903671
0.041769252490879975
0.006818779351686707
0.04552534321988564
0.04347836336624694
0.13785823445284598
0.10843198440325491
0.03237062841944727
0.14366953361935267
0.1100102343587231
0.14624926285611084
0.05169945264184461
0.036267322323634166
0.03265964307220817
0.06607894688390391
0.16328632655150996
0.061130876015112384
0.051633655227968554
0.02273314312085653
0.15499834387587358
0.03562776889909393
0.15976075053093944
0.39948232762166197
0.04807019316095023
0.0852396451034263
0.06893366922456216
0.032096233090631546
0.34838666138367125
0.0169391951154418
0.016437981680969806
0.015231342171368303
0.06509817915844382
0.0571451956244606
0.15100148159222684
0.021531584141665876
0.018791003043496204
0.0049539467163875585
0.009174828938227816
0.0013049613314079424
0.00580787584493992
0.14689251694431038
0.10107361909145833
0.1322511248338355
0.10703148851694559
0.04968950865633223
0.006439710849130398
0.012117321098425275
0.018880315613344027
0.01841820052304084
0.1610979140283069
0.057764174443639286
0.1452706515570603
0.0768189829441261
0.1839561901361572
0.016231270367007614
0.05729688156549199
0.025871126566705482
0.09149035669203354
0.05627538535454129
0.0851625382072815
0.03449658712650774
0.018243180517124258
0.06102792239214908
0.06572429516787225
0.011033300935684996
0.010619980823374134
0.031112250934043836
0.07742341781394882
0.031738568596949644
0.046337325078873386
0.026806691270724495
0.11077390776084772
0.021800091113722095
0.11806094489658826
0.014421903833678437
0.01357985730499052
0.1002984893860434
0.0156073190102805
0.02007399588797751
0.060730613509336534
0.035937003281463785
0.192375740276389
0.17269966230940934
0.009795744611363674
0.16466066095603418
0.04744682547378562
0.04843108927365311
0.0788114401101505
0.12155829399779605
0.047833373523558986
0.040506321049581635
0.012965548277070147
0.004196201457468293
0.10597389201087327
0.028090754321558414
0.3223224859152529
0.029752337836678352
0.11545107435263795
0.32070378740326694
0.020068304669800762
0.028871175513028573
0.12677804599604628
0.02841143592341629
0.01278148997599216
0.03129192941982325
0.881637116070806
0.027788634494256576
0.04263681296547412
0.013153346750902918
0.10385849485880087
0.06545254809644764
0.12352530382563232
0.01616236108012438
0.03621738824282025
0.052103870685051935
0.05531252751566232
0.04637424978403191
0.2867119452955324
0.025211684689549402
0.34486716024855685
0.049522531833321594
0.261768133945589
0.02351835457456496
0.17410926686656136
0.026179734824106973
0.060748448085690604
0.021403305199774948
0.019176503822569777
0.12612860612764967
0.07474774008371551
0.013411668834058367
0.03689228835793232
0.03259347776028914
0.006024123029027495
0.05144217635085091
0.046168518813676895
0.009633265209509797
0.07723115705475436
0.05291271203684098
0.023843285033666107
0.026025966227642208
0.030655926838761127
0.11670472127971354
0.19355727311637216
0.017465573070374392
0.032203305528710695
0.44682576845480426
0.07653409022663547
0.0007343147852272745
0.06782462817978581
0.0176876854567261
0.031242477981708764
0.025356118761687706
0.048481716244014685
0.04159012239122936
0.39765834313768195
0.015495144887650187
0.0654718079258408
0.007702988395341185
0.02194413842890994
0.02756682788188838
0.022730560740884892
0.21321236996501233
0.026267389835592753
0.03835708358865539
0.010919422799995216
0.10761804146577895
0.006094532074957754
0.029848730312648692
0.06508502918273061
0.11566000657683091
0.10545969509551413
0.021693808487206857
0.02609064555106159
0.038369668537504
0.07773990211926496
0.04052182323986756
0.8533963839296362
0.09365366979435023
0.001414664833036747
0.026297168372168084
0.13560968076856178
0.01628613205801331
0.0347786629284225
0.00626309435817244
0.03200794256721831
0.6249356602657791
0.06009881423426925
0.14392115376851808
0.06008684576527631
0.16897525082511414
0.0892623085516394
0.031070949990728836
0.16228780314949753
0.08899656496944842
0.2970414018664525
0.4394245083700614
0.01736693714151621
0.11354662593633537
0.00683586954005348
0.006678807781975905
0.046224129278063415
0.007950115978219171
0.07853471789483885
0.013795118838768371
0.09419731662268706
0.0486687459701289
0.004479529220647805
0.0023435137307912892
0.006315206095199025
0.03827528900404326
0.043014000376178106
0.04181484199764887
0.028453568246169434
0.14558290493131193
0.038684464927316524
0.04173483706104616
0.22461643982421606
0.052426158668293116
0.007625761193984165
0.06019823624992358
0.06451839797638757
0.04273331460952517
0.024222711849692297
0.07297999296319031
0.27132951152135937
0.012394914825629275
0.02333299130077363
0.0019472808909536306
0.014045195323602865
0.011663271707512206
0.07745118846313423
0.025711688052363804
0.010429242797901467
0.0705145087017769
0.05058354797238477
0.04463584135703672
0.3277271553473748
0.02303977835790992
0.06272087558005428
0.20807736650334066
0.05968017458955016
0.10955570518280455
0.13764358388125292
0.00996399206558084
0.19817708695952607
0.6493304192323996
0.11504603651533192
0.05143561195063307
0.03819076665703669
0.12723974978909716
0.05648202367857156
0.005326568604584754
0.09874064664288952
0.37019050409306953
0.0666098265550027
0.14870548082253687
0.07360512655349598
0.02568695898646277
0.1581660437464524
0.004063436901336121
0.1653163080269481
0.0519045877577779
0.05356533734676144
0.021297609870742487
0.08855027224169303
0.1259958940478475
0.1311321615343769
0.06894401391085377
0.0897064107498442
0.015258661045380479
0.012249452036697922
0.05486446545379866
0.40751634465013303
0.09969334912194187
0.10245153040947474
0.02415333456674898
0.09271197747305503
0.02680291368938983
0.034787415752913754
0.04461528897353569
0.042042075647318995
0.07984009921514877
0.05955375057606326
0.030028100664164795
0.0999335008756828
0.006597281343334704
0.022200163702780246
0.004538251384174705
0.049338152227678816
0.022306190571184967
0.015186141456306845
0.09812814477364601
0.0033883421574650956
0.0036584198425152078
0.2078190624825326
0.0031690193955477407
0.04320664244985928
0.08253526684243888
0.20737963443829308
0.005208211564631908
0.0553961241384833
0.0740718108106392
0.024159008601542502
0.01569435846640117
0.014242522235857064
0.4215750245834941
0.012564842276503785
0.07003970640159927
0.06345686530930304
0.052951392621530396
0.08066490037619413
0.009651942248058926
0.022556863110590398
0.04543075280651337
0.06136266331523169
0.05088799919375162
0.019830140591447235
0.03944576781651215
0.02596933482662921
0.04424854171306736
0.09836915058129249
0.07066367049086916
0.016962777360867588
0.036602349035949035
0.09434584086245291
0.024804280924002473
0.05133499276292397
0.024346125008849792
0.35529014313479595
0.23354092976889054
0.08188554216006907
0.05794688137909282
0.02986129475056339
0.14333822829952472
0.0556478028677859
0.004855840497245256
0.07167879936943983
0.014323281120559214
0.3337032733245513
0.007004042779472915
0.07820649320328625
0.026748004471027553
0.024864351223799475
0.02095686004308951
0.0029951296814986904
0.11602746082856537
0.026556717579557892
0.07395446269915103
0.01748062660176933
0.004443305683914768
0.20745180163145127
0.00908094813857062
0.012292121487174493
0.05388188900151893
0.012176323372453883
0.05271771360423305
0.053211663116878305
0.02132953777144708
0.0009676785962301466
0.016296561620862526
0.09216144758436073
0.0853331875295873
0.025785625745776943
